INDEX SCRIPTORUM

QUORUM Locl 1111111111.

-000

A. 1111111111 333, 361.
111110111111
1111111111. Achammee 111.

111. 111. 111, 111. 111111111,111,111,’111,111.

Variae 1111. 1, 111, 111, 111. Nubae 22, 1·11,111,111,111,
11111111Η11ο11111111 315. 316, 335.

1111111111 Vespae 61, 10, 13, 92,101,

in 1111111111 11, 111111, 111, 111, 111.

111, 111, 111. 11111, 111, 111, 111.

de 111. 11111. 111, 111, 111. Aves 111, 111, 111, 111, 221.
. 1111111111 11,111,111,111, 1111111111 11, 111111, 111,

111111111111111,111111. 111, 111, 111.
111111111102, 128, 381, 389. 1111111111111114, 10, 231,
111011 fabulae 181 sqq. 291, 315. ·
1111111011 30 sqq. Ranae 81, 133, 118, 351, 361.
111111 135, 221, 313. 1111111111190, 111, 264, 282,
1111101111 122. 353.

1111111111 353. Plutus 28, 282.
1110111111 10. sraqmenta 121, 312, 381.
Α11111111811111111 4, 122, 226, 1111101101205.

259, 260, 311, 381. 1111011111 283, 364, 368, 310.
1111111111111303, 325. ’11111111111(Ρ111110-) 361.
111111111131, 161, 325. 1111011111 191, 281, 263.
1111111011 11, 156, 269, 211. 11111110111119.
11111011111111111111111111111 5. 1111111111 331.

1111111131.
,1111111111 31. - · B·

1111111111 5. Β1111111359, 381, 393, 391.

 

