405 '

- 3131311133 3131331333 194, 946, X. '
396.

31631333 11336111631113113133 179.

, ’1633933133 9, 8, 145, 906, 1133331133

969, 343, 367, 371.
11313333 1913333333 9, 146, 399.
Appendix Florentina 19 sqq.

6111133 3, 66, 946, 969, 977,
· 334, 343, 659, 360, 363, 366,

367, 370, 374.
Sonus 976.

Τ.

’.1313311133 369. ,
’.1313311133 41, 110, 130. ’

[133313313133 66, 66, 73, 136,

138, 904, 369.
Τ113ο3ο111>33 998.
Tuom Μ13131311 340.

’.1333131333 17, 39, 33, 66, 99,
33,33,3’3,113, 1311333113,
133, 131, 133, 131, 313, 313,
331, 331, 333, 333, 311, 313,

0333333333 117, 190,197,136,

333, 333, 373.

Helleuica 33, 89, 97,113, 114,
118,196,139, 146,163,166,
1333114333, 313, 333, 313,
948, 960, 961, 960, 969, 973,
974, 979, 989, 989, 990, 999,
301, 369, 378, 399.

3433363333 33, 66, 98,107,113,
114, 960, 984, 991, 399,
396, 336.

Memorabilia 154, 163, 966.

33313373 Socratis 349, 380.

Oeconomicus 9, 73, 904, 960,
343. ,

Hiero 116.

de rep. Laoedaemoniorum 349.

de 33 equestri 304.

3331333333 197.

976, 977, 979, 989, 991, 999, de 7313393313 131.
998,319,396,367,368,369. 33173331339633943.1 ’
’11333133368 ’

9111333333 1311311133 63.

 

