401

c. Epiqramma apud 9666161 197.
1111166166116Ἒρμῆς 259.
311611166 369. 3161111166 367.
31111116666127, 339. 13616166 125.
’0111111611 41116166 μύρτου 616- 36111166 357, 362, 367. ’

37 66τέ. 395. 11616116 74, 229, 259, 312.
0161611611 221. 3616111666 73, 134, 233, 238,
3111111611 167, 169 sqq. 289, 339, 346, 361, 379, 391.
616616 292., ’ . 3661111166124.
’ 31611661663161111363. . “ .
6616666 incertus 1666613116- G·

11161611 371. « (11161166 294.
0111111111 3997611662 359, 369. (1611166 194.-
611166 (1161666 366., ’ ’
66161666 666, 616, 661. 11.

1111166111161 14, 33, 38, 297,
Ὦ· Δ 661, 666.

11111666 132. Η6116661663161111 223.
3166611166 13. Η11666166 57, 33, 91,166,112,
1266661661116 33, 91, 92, 93, 97, 114,125, 123, 132, 153, 156,

66, 66166, 116, 116, 166, 161, 166, 166, 611, 666, 616,

196, 234, 237, 247, 243, 253, 232, 234, 236, 339, 353, 363,

275, 234, 293, 311, 327, 323, 364, 368, 394.

, 347, 348, 349, 356, 384. Η1616666 131.
1916116166 314. 1166166166 4, 37, 135,149,167,
1116116666 7, 239 , 251, 274, 348, 297, 218, 219, 256, 394, 322,

354, 332. 323, 333, 361, 362, 363, 367,
1116 0611666161166 95, 96,124, 376, 392.

116, 666. Ν 11616661166,166,’166, 661.
111666166 3166166 329. Η11111666 343.

1116611166 11611166 326, 322.
1116116166Η1116111166116163,35, I·

41, 94, 96, 97, 121, 196, 209, 1111116166 167 , 163, 212, 263,

236, 256, 239, 233, 286, 288, 279, 279, 324.

298, 343, 353, 362, 365, 367, 161 379.

,371. 161166 99, 133, 155, 299, 252,
1111161166 218. “ 271, 274, 354. .
9116631111611611616 394. 1666111116

· 66711666οηί6266 155.

Ε· Nicaeae 166, 166.
31111166 285. , Paneqy'ricm 73,125,214,273,
316111166166,166. 292. =

 

