403

(38-591.)Α11111180,86,95,117, (507811.) calumniae 11111 temere
, 111, 111, 111, 111, 111111, eredendum 118, 111,111,111.
111. (111111111111111111111-
(39571011111111111115, 120,151, 1111111 80, 108, 118, 196, 197,

258, 265. 198, 824.

(40581.) ι111 611111161ιὶ611 141, 259. (6191011 1111 198, 199, 276.
(41-601.) 2111111 39, 78, 85, 86, (62-781.) 21111111 199, 200, 276.

101,103,105,161, 152,159, (60551.) Patriae 1111111111 297.
. 260, 278, 297. (64-21.)111111”,11121’611200.
(42·701.) 21111111 78, 83, 86, 89, (111110111111111111111111111.

11,111,111,111, 111, 111. (11111.) 1111111111. Vota 11,
(43·221.) Ι1111111111111111111 881 83, 84, 200, 201, 202, 281,

108, 262. 295, 317, 325.
(44-281.) Iupiter 1111111111 91, (67 421.) 1155895· 1111111111,

111, 111, 111, 111 11,11,111,111,111,111,111,
(45·401.)8011111’111111. (1111111 84, 89, 204, 205, 206, 242 ,’ 264, 287.

105, 161, 189, 264, 265, 297. (es-4811.) de morte Pereyrini 85,
(46·241.) Ι11111111111111111 81, 86, 107, 206, 207, 208, 209, 210.

111,111,111,111,111,111, (11111.)1111111111111111.

111, 111, 111. (11111.) 1111111111, 11, 11,
(11111.) 81 11111111 11,11, 11,11,11,111,111,111,111,

11,11,111,111,111,111,111, 111,111,111,111,111,111,

111, 111. 111.
(48-611.)11Ρ11111“11229, 266, (71·281.) &minium 8. Lapithae

288. ’ 111, 111, 212.

(49·331.) 2111211111 85, 86, 96, (72741.) de Syria dea 124,212,

115,121,185,187,190,206, 213, 298.

268. (78-671.) Demoanassa Enoomium
(10-161.)11111111 84, 191. 218, 215.
(61-171.)11111111111Ρ11111111180, (74-211.) Deorum 111ιεί211111 304.

11, 111, 111, 111. . (11111111111111111.
(52·261.)Ρ1111111111180, 84, 88, (76·691.) Ρ11111111121161 1. soloe-

191, 209. 11121 215, 216.
(53-101.)Η1“,1,11’11 85. (77-721.)Ρ111’11,11111’1217,218,219.
(54-01.) 8111111209. (7 855 1.) 0111111111- 220, 298.
(55-71.) Hercules 115, 136, 191. (79-711.) Ν111 220.

(56-81.) 1111111111 1. 13111111 152. ’ (80801.) 211911111121911 220.
(57-111.) 1011111 encomium 140, (Sl-781³.) 0111111104, 221.

111, 111. (1111111111111111 881.
(11-111.)1111ν11111111111110111 1111111111 98, 99, 249.-

008555555 11, 11, 111, 111, Lxsns 8, 11, 11, 11, 11, 11,

111, 111, 111, 111, 111. 111, 158, 111,111,111,111,

 

