402

Philemo 183. (16·111.)01111211121111111,
, Archidme 122, 258, 268. 105 , 112, 115, 146, 148, 238,
14111119112111857, 875. 239, 275,293,226. .
8111111268. , (17-511.)’81111ωᾶ111181121“1146,
1111111118. 288, 240, 272, 296, 806. ’
1111111111 111 (111111111111111,111111,
watra 2811111281211. 296.
(19581.) po lopez 30 1121181181
L. 148, 241, 288. ·
Leoeicon Rhetoricum 862. 20-211.)111111111131,101,101,
1111111111 00. 106, 107,111, 118,’118,188,
10111111 172111, 180. 146, 241, 242, 298.
1111111111 (21-81.) 1111181111 147, 248.
(1. vulg. 1 1111111111) Somnium 81, (22161.) 211151 248.
84, 80. 23-48.) 1111111111 248, 244
(11181111, qm· u 11111 (1111111111.1111111111, ,
Prometheum in dicendo 142, 222. 147, 244,Ι 245, 265.
(8651.) 189νί1111 81, 82, 114, (25·451.) Quomodo eithiclm'aoen·
222, 208. scribendam, 11, 84, 88, 100,
(4100.)12228020004220148,208. 114, 111111, 1111111111,
(1111)11111121111111, 111111. '
122, 222, 228, 281, 280, 848. (11111011 11111111 mal.
(1111.)1111,11 100. 81, 84, 288, 248, 111, 248, 280.
(1-111.)2111111111101,112211. (27·4611.) Verae Historiulibee Il.
(8300.) Diabayi Deorum 81, 82, 249, 260, 296.
11, 111, 100, 111, 108, 111, (28·148.)100042234200,201280.
100, 148, 148, 224, 111, 228. (11·111.)Α111111111,111,111,
(9·191.) DialoqiMarim‘ 84,115, 258, .
141, 228, 281, 200. (80-120.) 2111111111 11, 111.
(103811.) 11217191· Mortuerum 2, (81181.) 2211111171 alter 288.
84, 85,101, 108, 100, 101, (82-124.)4240120n.1²mdom-
108, 110, 114,143, 146, 228,Ι 211 78, 140, 148, 286, 252,
229, 280, 284, 285, 272, 278, 254, 284, 287.
111, 111, 111, 111. (1111111111111111 11, 108,
(11-.841)Μ111“221184,148,285, 254, 255, 294. ’ .
< , 272(84·681)Ι.1112611118981,84,
(12 351)021111112184,141 286 85, 86, 89, 115, 182,148,
(13·7711 Β.)17181111“]611’1“1120,7,28 7809 255, 266, 275.
(1111112111111111111, (1111111111111111111111,
288, 278. ’ “ 256. ‘

(11111.)11111111111111, (11111.) 1111111111, 84,
1111111111,111111111111. 100,108, 148, 111, 111, 111.

 

