404

266, 216, 212, 261, 262, 261,
262, 262, 226, 226, 224, 226,
222, 222.

Μ.

qumo 236.

1110110 0622661256 353.

1111616622 119, 152, 158, 190,
266, 266, 216, 211, 212, 212,

. 317, 328, 380.

1112622262 390.

1161112 22, 266, 222.

Ν.

21616612 88, 893.
1066216262 375.

Ρ.

2121226162 203.
2162111112 369, 370.
1111111112 234.
Ι21116211621122 86, 244.
Ρ1111616611662 129.
Ρ26211 1261666 81, 121,122,134,
141, 167, 244, 361, 366.
Ρ11226161122Β11611221 128.
Ρ112111161162 1612161111 22, 26.
Ρ111606111622 366.
Ρ1116
,Apoloyia 93, 191, 299, 300,
342, 349.

6062626162,111,200.“ ⁸

· Axiookus 153.

, (2276 103, 104.
,Euthyphro 135.
Euthydemus 111.
1222226166 236.
0666166 147, 334.
Hippias maior 55, 154.
16 286.

222, 226.

Hm 149, 237, 285.

116626 98,99,100, 120, 165,
231, 285, 300, 357.

Protaqom 3, 91, 98, 111,165,
196, 197, 234, 372.

Ρ22661626119,185, 196, 137.

14116666 297. · .

de Republica 54, 141, 165, 219,
232, 242, 259, 310, 361.

Sisyphus 103.

8666661262 114,140, 142, 209.

stactem 293.

8126126111 .

Vitae 8, 15,18, 25, 52, 56,
60, 69, 82, 86, 87, 105,
108,121,129,151,152,161,
177, 193, 219, 220, 231, 239,
274, 323, 334, 369, 311266,
385 sqq., 388, 390, 391.

11626116 8, 69, 118, 141,152,
189, 195, 210, 247, 256, 284,
340, 358, 359, 361, 363, 364,
366, 374, 389.

Ρο1121166, 365, 366, 372.

Pomanus 195, 202, 203, 223,
265, 290, 362, 364.

Ρο1121112 124.

Ρ6221112162 193, 227.

Ρο21216222 189.

8.

86116112 in 122161216211 109.
Scholia ad 1261111611 218, 287.
Scholia in Ν16111621111 131.
Scholia ad Homm Ody33eam 5.

Scholia Veneta in ΗοΜ11111211 218. 6

8611111 124, 249. γ .
3111661622 63.
sommus 123.

156, 283, 283, 395.

 

